0.53, 0.73, 0.53, -0.06, 0.28, -0.25, -0.31, 9.61, -1.12, -0.16, 0.81, 0.57, -0.03, -0.10, 0.10, -9.23, 1.95, -0.93, -0.00, 0.99, 0.79, 0.43, -0.22, 0.55, -16.17, -3.49, 2.06, 0.32, 0.90, -0.03, 0.20, -0.06, 0.32
4.11, -3.85, 3.27, 0.02, 1.00, 0.81, 0.34, -0.23, 0.15, 21.88, 3.69, 1.83, -0.06, 0.95, 0.30, 0.50, -0.47, 0.30, -1.56, 5.41, 7.48, 0.07, 1.00, 0.02, 0.15, 0.23, 0.12, 11.05, -18.36, 2.45, -0.18, 0.81, 0.57, -0.02, -0.08, 0.12, -1.88, 5.59, -0.93, 0.01, 0.97, 0.88, 0.47, -0.23, 0.58, 8.20, 2.24, -1.18, 0.36, 0.82, -0.07, 0.20, -0.04, 0.34
-10.47, 5.17, 2.40, 0.02, 0.96, 0.93, 0.34, -0.22, 0.15, 3.98, 3.11, -5.35, -0.04, 0.96, 0.29, 0.50, -0.48, 0.29, -8.99, -7.27, -4.55, -0.02, 0.99, 0.03, 0.15, 0.23, 0.12, -2.93, 9.65, 1.16, -0.14, 0.91, 0.43, -0.01, -0.08, 0.12, -11.44, 0.48, 3.14, -0.01, 1.06, 0.76, 0.47, -0.23, 0.58, -17.94, -2.73, 4.98, 0.38, 0.99, -0.15, 0.20, -0.05, 0.34
-9.47, -3.54, 3.22, -0.02, 1.04, 0.77, 0.32, -0.22, 0.15, 11.85, -1.88, 0.23, -0.07, 1.04, 0.19, 0.50, -0.48, 0.29, -4.16, 2.79, 3.58, 0.02, 1.03, 0.02, 0.15, 0.23, 0.12, 13.09, -4.28, 2.16, -0.27, 0.96, 0.34, -0.00, -0.08, 0.13, 0.13, 8.36, -1.15, -0.06, 1.02, 0.79, 0.46, -0.23, 0.58, 13.45, 1.11, -3.50, 0.34, 0.94, -0.17, 0.20, -0.05, 0.34
1.45, 2.82, 1.46, -0.02, 0.97, 0.82, 0.33, -0.22, 0.15, 16.35, 8.61, -2.68, -0.06, 0.90, 0.37, 0.50, -0.48, 0.29, -1.73, 13.20, 2.00, 0.06, 0.96, -0.01, 0.15, 0.22, 0.12, 3.41, -4.22, 0.92, -0.13, 0.82, 0.52, -0.01, -0.08, 0.13, -6.78, 6.82, -0.64, 0.01, 1.00, 0.84, 0.46, -0.23, 0.58, -0.02, 2.72, 0.04, 0.37, 0.83, -0.11, 0.20, -0.04, 0.33
-9.35, -2.68, 3.62, 0.04, 0.96, 0.85, 0.33, -0.22, 0.15, 4.85, 0.44, -0.43, -0.05, 0.94, 0.28, 0.50, -0.48, 0.29, -9.09, -7.45, -2.37, 0.07, 1.02, -0.02, 0.15, 0.23, 0.12, -2.45, 10.46, 2.94, -0.17, 0.90, 0.41, -0.01, -0.09, 0.13, -6.75, -0.26, 3.29, -0.04, 1.04, 0.76, 0.46, -0.23, 0.58, -4.26, -3.94, 1.67, 0.34, 0.97, -0.15, 0.20, -0.04, 0.34
-4.10, -3.45, 4.65, -0.02, 1.03, 0.75, 0.32, -0.22, 0.15, 14.01, 4.29, 0.31, -0.08, 1.02, 0.20, 0.50, -0.48, 0.29, -3.53, -1.91, 6.06, 0.03, 1.02, 0.01, 0.15, 0.23, 0.11, 11.67, -11.42, 0.85, -0.18, 0.91, 0.39, -0.01, -0.08, 0.12, 1.94, 4.73, -1.31, -0.01, 1.02, 0.80, 0.45, -0.22, 0.58, 9.51, -4.37, -3.61, 0.35, 0.91, -0.12, 0.20, -0.05, 0.34
4.88, -0.84, 0.94, -0.02, 0.93, 0.91, 0.32, -0.21, 0.15, 14.70, 5.03, -3.36, -0.07, 0.92, 0.35, 0.50, -0.48, 0.29, -2.12, 2.83, 3.90, 0.01, 0.99, 0.00, 0.15, 0.22, 0.11, 2.06, 2.54, -1.34, -0.13, 0.83, 0.53, -0.01, -0.09, 0.13, -8.40, 4.25, 0.04, 0.02, 1.03, 0.81, 0.46, -0.23, 0.58, -4.60, 1.23, 1.42, 0.35, 0.88, -0.09, 0.21, -0.05, 0.33
-10.44, 1.20, 3.24, 0.04, 0.97, 0.86, 0.33, -0.22, 0.15, 3.69, 6.62, 1.60, -0.06, 0.95, 0.32, 0.51, -0.48, 0.30, -8.26, 1.09, -7.20, 0.03, 1.03, 0.02, 0.15, 0.23, 0.11, -5.26, 4.78, 3.98, -0.16, 0.93, 0.41, -0.01, -0.09, 0.12, -10.43, 5.62, 3.71, -0.03, 1.06, 0.74, 0.46, -0.23, 0.58, -4.85, 2.24, 1.92, 0.39, 0.99, -0.15, 0.20, -0.05, 0.33
-6.22, -0.56, 1.75, 0.04, 1.03, 0.73, 0.32, -0.22, 0.15, 13.35, 1.20, -0.91, -0.05, 1.02, 0.17, 0.50, -0.48, 0.30, -3.69, 0.51, 5.90, 0.08, 1.01, 0.00, 0.15, 0.23, 0.12, 11.13, -11.58, 0.96, -0.15, 0.92, 0.35, -0.01, -0.09, 0.12, 1.64, 3.22, -0.67, -0.02, 1.02, 0.75, 0.46, -0.23, 0.58, 10.24, -7.69, -2.00, 0.33, 0.90, -0.17, 0.20, -0.04, 0.35
2.96, -4.52, 1.77, -0.02, 0.92, 0.85, 0.32, -0.21, 0.15, 14.99, 4.14, -0.80, -0.13, 0.86, 0.43, 0.50, -0.48, 0.29, -4.02, 1.97, 3.34, 0.02, 0.96, -0.01, 0.15, 0.22, 0.11, -3.97, 7.93, 0.41, -0.15, 0.82, 0.52, -0.01, -0.09, 0.12, -8.92, 7.46, 1.67, -0.01, 1.00, 0.81, 0.46, -0.23, 0.58, -4.40, 2.36, 1.52, 0.32, 0.86, -0.10, 0.20, -0.05, 0.34
-10.42, 6.32, 3.65, -0.02, 1.00, 0.79, 0.33, -0.21, 0.16, 4.88, 7.95, -0.12, -0.09, 0.99, 0.22, 0.50, -0.48, 0.29, -7.22, -0.75, -6.54, 0.03, 1.03, -0.02, 0.15, 0.23, 0.11, 0.55, 0.07, 0.79, -0.16, 0.96, 0.35, -0.01, -0.09, 0.12, -7.05, 4.23, 0.41, -0.02, 1.07, 0.71, 0.45, -0.23, 0.58, -3.60, 1.33, -0.45, 0.39, 1.02, -0.14, 0.20, -0.05, 0.34
0.77, -4.56, 2.24, -0.04, 1.02, 0.74, 0.33, -0.22, 0.16, 23.74, -0.34, -1.74, -0.13, 0.99, 0.21, 0.50, -0.48, 0.30, -0.97, 2.87, 7.44, 0.01, 0.99, 0.02, 0.15, 0.23, 0.12, 16.87, -8.25, 0.28, -0.15, 0.84, 0.51, -0.01, -0.09, 0.12, 1.72, 8.31, -1.37, 0.02, 0.97, 0.84, 0.45, -0.23, 0.58, 15.75, 1.46, -3.81, 0.36, 0.84, -0.14, 0.20, -0.04, 0.33
-4.11, 3.60, 0.59, 0.00, 0.92, 0.92, 0.32, -0.21, 0.15, 6.44, 5.92, -4.81, -0.03, 0.95, 0.30, 0.50, -0.48, 0.29, -4.84, 4.46, -2.33, 0.05, 0.97, -0.00, 0.15, 0.22, 0.12, -1.29, 7.63, 0.41, -0.14, 0.88, 0.46, -0.02, -0.09, 0.12, -8.70, -0.13, 1.01, 0.00, 1.02, 0.82, 0.45, -0.22, 0.57, -13.35, -4.11, 3.96, 0.36, 0.94, -0.11, 0.20, -0.04, 0.34
-9.49, -7.81, 2.31, 0.02, 0.98, 0.82, 0.33, -0.22, 0.15, 5.39, 9.53, 1.68, -0.09, 0.97, 0.32, 0.50, -0.48, 0.30, -7.30, 4.08, -5.85, 0.01, 1.05, 0.01, 0.15, 0.24, 0.12, 3.63, -3.18, 4.89, -0.18, 0.93, 0.37, -0.01, -0.08, 0.12, -5.32, 7.20, 2.56, -0.00, 1.03, 0.77, 0.45, -0.23, 0.58, 1.58, 6.24, -1.02, 0.39, 0.98, -0.17, 0.20, -0.05, 0.35
-0.13, 1.17, 2.39, -0.02, 0.98, 0.80, 0.32, -0.22, 0.15, 27.28, 7.37, 1.25, -0.07, 0.96, 0.31, 0.49, -0.48, 0.29, -1.59, -5.76, -2.06, 0.03, 0.98, 0.04, 0.15, 0.23, 0.11, 8.44, 5.54, 3.56, -0.14, 0.88, 0.45, -0.01, -0.09, 0.12, -2.77, 11.01, 0.81, -0.00, 0.99, 0.83, 0.45, -0.23, 0.57, 10.77, 7.99, -5.25, 0.37, 0.88, -0.12, 0.20, -0.05, 0.35
-5.07, 8.76, 1.64, -0.02, 0.94, 0.88, 0.32, -0.22, 0.16, 8.55, 1.25, -4.66, -0.08, 0.94, 0.32, 0.50, -0.48, 0.29, -6.41, 5.18, -11.13, -0.11, 0.96, 0.04, 0.15, 0.23, 0.11, -1.55, 13.55, 3.30, -0.14, 0.87, 0.47, -0.01, -0.09, 0.12, -7.36, 18.68, 9.90, -0.02, 1.02, 0.79, 0.45, -0.23, 0.58, -0.62, 12.41, 4.59, 0.33, 0.92, -0.14, 0.20, -0.05, 0.34
-8.61, 19.91, 10.39, -0.02, 0.99, 0.83, 0.31, -0.22, 0.14, 8.46, 13.32, 2.83, -0.06, 0.99, 0.25, 0.49, -0.49, 0.28, -0.73, 21.23, -11.54, 0.17, 1.07, -0.04, 0.16, 0.23, 0.11, -0.43, -4.70, 6.00, -0.12, 0.93, 0.35, -0.02, -0.09, 0.13, -8.66, 11.88, 8.88, -0.02, 1.06, 0.79, 0.45, -0.23, 0.58, 1.79, 5.74, 0.79, 0.39, 0.96, -0.12, 0.19, -0.05, 0.33
-4.84, -5.62, 7.61, 0.02, 0.96, 0.83, 0.31, -0.21, 0.16, 22.40, 9.47, 6.89, -0.06, 0.92, 0.36, 0.50, -0.49, 0.28, -10.38, 2.77, -3.13, 0.12, 0.99, 0.02, 0.16, 0.24, 0.12, 3.10, 3.28, 5.08, -0.19, 0.88, 0.45, -0.02, -0.09, 0.12, -8.08, 1.03, 1.71, -0.07, 1.01, 0.79, 0.45, -0.22, 0.59, 1.49, 2.39, -0.17, 0.40, 0.87, -0.16, 0.19, -0.04, 0.34
-6.84, -10.93, -2.85, -0.03, 0.99, 0.77, 0.32, -0.22, 0.15, 14.77, -8.38, -6.98, -0.07, 0.90, 0.37, 0.50, -0.49, 0.28, -8.25, 3.13, -1.59, 0.01, 0.96, 0.01, 0.16, 0.24, 0.11, -1.15, -4.61, -1.94, -0.15, 0.83, 0.51, -0.02, -0.09, 0.12, -10.14, 4.20, -0.84, -0.01, 0.99, 0.78, 0.45, -0.22, 0.59, -1.05, -5.82, -0.25, 0.36, 0.89, -0.16, 0.20, -0.05, 0.35
-7.37, -1.98, -4.19, -0.01, 0.98, 0.79, 0.32, -0.21, 0.16, 1.58, 3.81, -6.03, -0.10, 0.96, 0.30, 0.50, -0.49, 0.28, -1.06, 5.34, -3.72, 0.04, 1.00, 0.00, 0.16, 0.24, 0.12, 1.10, -3.60, 0.97, -0.18, 0.90, 0.41, -0.02, -0.09, 0.12, -2.64, 6.72, -0.32, -0.02, 1.00, 0.79, 0.45, -0.21, 0.58, 1.21, -2.36, -2.22, 0.42, 0.97, -0.15, 0.19, -0.05, 0.34
-5.38, 3.09, -0.38, -0.01, 0.98, 0.80, 0.32, -0.22, 0.15, 5.45, 8.92, -8.56, -0.07, 0.96, 0.29, 0.50, -0.49, 0.28, -0.96, -7.27, 0.41, 0.06, 1.00, 0.02, 0.16, 0.24, 0.11, 2.54, 10.72, -2.19, -0.14, 0.91, 0.42, -0.02, -0.09, 0.12, -3.75, 4.92, -3.79, 0.01, 1.02, 0.79, 0.45, -0.22, 0.58, -2.51, 4.65, -1.18, 0.39, 0.90, -0.15, 0.19, -0.05, 0.34
-1.99, -7.72, -3.42, 0.06, 0.96, 0.81, 0.32, -0.22, 0.15, 19.99, 1.79, -4.14, -0.01, 0.91, 0.39, 0.50, -0.49, 0.29, -3.95, 3.12, -3.80, 0.07, 0.99, -0.01, 0.16, 0.24, 0.11, 1.11, 0.20, 3.23, -0.09, 0.85, 0.52, -0.02, -0.08, 0.12, -6.88, 0.07, 2.77, 0.00, 1.02, 0.79, 0.46, -0.23, 0.57, 0.97, 0.51, 0.43, 0.35, 0.92, -0.14, 0.19, -0.04, 0.34
-6.82, -7.27, 5.52, -0.01, 0.98, 0.83, 0.32, -0.22, 0.16, 16.83, -1.83, 4.87, -0.09, 0.99, 0.27, 0.50, -0.49, 0.29, -9.59, 0.07, -0.25, 0.11, 1.01, 0.01, 0.16, 0.24, 0.11, 5.73, -11.38, 1.98, -0.21, 0.92, 0.39, -0.02, -0.08, 0.12, -3.09, -0.75, 0.22, -0.03, 1.03, 0.74, 0.46, -0.23, 0.58, -3.53, -7.48, 1.17, 0.30, 0.92, -0.12, 0.20, -0.05, 0.35
-1.77, -12.53, 0.27, -0.01, 0.97, 0.82, 0.31, -0.21, 0.17, 11.50, 6.27, 2.29, -0.08, 0.94, 0.33, 0.50, -0.48, 0.29, -5.67, 26.59, -5.21, 0.09, 0.99, 0.02, 0.16, 0.24, 0.12, 7.29, 3.56, 0.59, -0.15, 0.83, 0.55, -0.02, -0.08, 0.12, -8.51, 6.64, -0.44, 0.00, 1.01, 0.74, 0.45, -0.22, 0.58, -1.33, 1.46, 4.44, 0.37, 0.88, -0.19, 0.19, -0.05, 0.35
-10.55, 4.65, 0.14, -0.01, 0.96, 0.81, 0.32, -0.21, 0.16, -3.87, 6.11, -7.59, -0.04, 0.97, 0.25, 0.50, -0.49, 0.29, -18.25, 12.97, -6.06, 0.15, 0.97, -0.01, 0.16, 0.25, 0.13, 0.13, -6.42, -2.56, -0.14, 0.88, 0.45, -0.02, -0.08, 0.12, -9.67, 1.50, 3.19, 0.09, 1.03, 0.70, 0.45, -0.22, 0.58, -12.90, -2.45, 2.51, 0.49, 0.97, -0.17, 0.19, -0.05, 0.35
-7.47, 2.18, 6.29, -0.11, 0.98, 0.83, 0.32, -0.21, 0.16, -1.61, -4.90, -11.97, -0.11, 0.97, 0.27, 0.50, -0.49, 0.29, -2.87, -56.82, 2.95, -0.01, 1.04, 0.00, 0.17, 0.24, 0.12, -0.89, -10.21, -4.01, -0.21, 0.96, 0.38, -0.02, -0.09, 0.12, -10.41, -1.01, -2.36, -0.07, 1.07, 0.65, 0.45, -0.22, 0.58, -4.95, -5.82, -2.77, 0.38, 0.96, -0.23, 0.19, -0.05, 0.34
-5.69, -1.91, -0.30, -0.04, 1.08, 0.64, 0.32, -0.21, 0.17, 30.94, 3.43, -1.32, 0.00, 1.03, 0.06, 0.50, -0.49, 0.29, 2.48, -0.34, 6.35, 0.01, 0.96, 0.04, 0.16, 0.24, 0.12, 18.70, -1.59, 0.46, -0.15, 0.84, 0.53, -0.01, -0.08, 0.12, 0.76, 9.85, -2.29, -0.01, 0.97, 0.77, 0.44, -0.22, 0.58, 26.92, 4.38, -5.38, 0.33, 0.90, -0.24, 0.19, -0.04, 0.34
-6.00, 11.84, 4.04, 0.02, 0.90, 0.87, 0.32, -0.22, 0.17, 10.34, 7.98, -3.07, -0.01, 0.93, 0.27, 0.50, -0.49, 0.28, -9.87, 26.42, -6.33, 0.14, 0.93, 0.02, 0.16, 0.24, 0.11, -2.89, -0.96, 1.57, -0.13, 0.88, 0.44, -0.01, -0.08, 0.13, -9.40, 1.25, 2.53, 0.03, 1.02, 0.76, 0.45, -0.22, 0.58, -11.59, 15.15, 10.06, 0.41, 0.87, -0.11, 0.19, -0.05, 0.34
-10.00, -11.39, 0.90, -0.01, 0.96, 0.82, 0.32, -0.22, 0.16, -2.62, 9.78, 0.94, -0.08, 0.97, 0.33, 0.50, -0.49, 0.28, -6.76, 11.21, -6.40, 0.13, 1.09, -0.06, 0.17, 0.25, 0.12, -4.11, -5.79, 1.08, -0.16, 0.94, 0.36, -0.01, -0.09, 0.11, -6.09, 1.82, -1.88, -0.01, 1.09, 0.65, 0.45, -0.22, 0.58, -5.88, -9.55, -8.66, 0.37, 0.99, -0.21, 0.19, -0.05, 0.35
1.27, 0.49, -0.67, 0.07, 1.00, 0.78, 0.32, -0.21, 0.16, 19.54, 10.74, 0.12, -0.01, 0.95, 0.25, 0.50, -0.49, 0.29, 0.60, -26.57, 9.67, 0.01, 0.94, 0.06, 0.16, 0.25, 0.12, 7.68, 9.20, 5.81, -0.11, 0.89, 0.48, -0.02, -0.08, 0.12, 6.52, 10.80, 2.30, 0.06, 1.02, 0.82, 0.45, -0.22, 0.58, 16.64, -0.52, -6.13, 0.38, 0.92, -0.17, 0.19, -0.04, 0.35
-0.61, 9.91, 8.49, 0.00, 0.91, 0.96, 0.31, -0.21, 0.16, 14.18, -0.86, -1.47, -0.09, 0.88, 0.40, 0.50, -0.49, 0.29, -11.63, -18.04, 7.39, 0.04, 0.97, 0.02, 0.17, 0.24, 0.11, -3.75, 2.57, 0.43, -0.14, 0.85, 0.47, -0.02, -0.08, 0.12, -12.36, -3.14, 3.22, -0.06, 1.02, 0.75, 0.45, -0.22, 0.58, -7.01, 6.78, 8.50, 0.28, 0.82, -0.04, 0.19, -0.05, 0.34
-9.54, -13.44, 1.79, -0.09, 0.97, 0.78, 0.32, -0.21, 0.17, 3.48, -5.32, -2.92, -0.14, 0.98, 0.23, 0.50, -0.49, 0.28, -1.05, 31.23, -7.93, -0.01, 0.99, -0.02, 0.17, 0.24, 0.12, 6.64, -22.27, -5.32, -0.21, 0.91, 0.34, -0.02, -0.08, 0.12, -7.94, 5.11, -3.82, -0.03, 1.04, 0.62, 0.45, -0.22, 0.58, -11.39, -8.49, -4.28, 0.39, 0.99, -0.20, 0.19, -0.04, 0.34
1.23, -2.74, -3.83, -0.01, 0.96, 0.78, 0.32, -0.22, 0.16, 21.20, 0.33, -3.88, -0.13, 0.87, 0.39, 0.50, -0.49, 0.28, 4.36, -7.61, 4.15, 0.15, 0.89, -0.04, 0.16, 0.24, 0.11, -1.44, -3.48, -3.27, -0.13, 0.83, 0.46, -0.02, -0.09, 0.12, -4.10, -1.26, -2.93, 0.03, 0.99, 0.75, 0.45, -0.22, 0.58, 11.11, -8.02, -2.46, 0.31, 0.85, -0.11, 0.19, -0.05, 0.35
-5.58, -4.05, 2.42, -0.04, 0.96, 0.76, 0.32, -0.21, 0.16, 9.25, 1.08, -4.02, -0.12, 0.95, 0.26, 0.50, -0.49, 0.28, -6.92, -16.95, 2.65, 0.07, 1.00, -0.03, 0.16, 0.24, 0.11, 4.03, 3.39, -3.47, -0.24, 0.88, 0.40, -0.01, -0.09, 0.12, -4.80, -1.07, -5.56, -0.08, 1.02, 0.69, 0.45, -0.21, 0.59, -14.98, -7.38, -4.69, 0.29, 0.92, -0.16, 0.20, -0.04, 0.35
-0.75, -6.06, -5.97, 0.00, 0.99, 0.69, 0.33, -0.22, 0.17, 13.91, 5.88, -7.23, -0.08, 0.98, 0.25, 0.50, -0.49, 0.28, 4.19, 11.07, 2.91, 0.06, 0.97, 0.00, 0.17, 0.24, 0.11, 9.50, -8.49, -5.32, -0.14, 0.91, 0.38, -0.01, -0.09, 0.12, 0.49, 9.87, -7.45, 0.02, 1.03, 0.74, 0.45, -0.22, 0.58, 8.93, -0.58, -9.03, 0.37, 0.94, -0.22, 0.20, -0.04, 0.35
2.68, 2.98, -5.02, 0.05, 0.98, 0.81, 0.32, -0.22, 0.16, 13.69, 4.26, -6.02, -0.02, 0.96, 0.31, 0.50, -0.49, 0.28, 5.36, 15.10, 4.01, 0.09, 1.02, -0.01, 0.17, 0.24, 0.12, 8.43, 7.02, -2.92, -0.14, 0.90, 0.45, -0.01, -0.09, 0.12, -1.57, 4.72, -6.60, 0.06, 1.02, 0.80, 0.45, -0.21, 0.58, 0.13, 0.23, -5.53, 0.48, 0.91, -0.17, 0.20, -0.05, 0.34
-1.98, -5.12, -3.22, 0.02, 1.00, 0.84, 0.33, -0.22, 0.16, 18.92, -2.20, -8.48, -0.02, 0.96, 0.30, 0.51, -0.49, 0.27, 1.02, -16.22, 6.27, -0.00, 1.01, 0.02, 0.16, 0.24, 0.11, 9.21, -1.50, -4.57, -0.10, 0.89, 0.46, -0.01, -0.09, 0.12, -3.19, 1.70, -3.15, 0.02, 1.04, 0.70, 0.46, -0.22, 0.58, 0.89, -2.23, -3.13, 0.34, 0.92, -0.19, 0.21, -0.04, 0.34
-6.71, 4.31, 3.16, 0.03, 0.97, 0.90, 0.32, -0.22, 0.16, 4.52, 7.93, -2.58, 0.00, 0.97, 0.30, 0.51, -0.49, 0.27, -4.06, 3.99, -4.38, 0.04, 1.00, 0.06, 0.17, 0.24, 0.10, -1.20, -10.88, 3.13, -0.11, 0.96, 0.40, -0.01, -0.09, 0.11, -6.17, 6.16, 2.74, 0.07, 1.08, 0.70, 0.46, -0.22, 0.58, -3.31, 5.05, 1.70, 0.52, 0.98, -0.16, 0.20, -0.04, 0.35
-4.00, 5.43, 7.87, -0.01, 1.02, 0.81, 0.32, -0.22, 0.16, 12.36, 6.68, 3.00, -0.03, 1.00, 0.31, 0.50, -0.49, 0.28, -0.19, -13.23, 3.23, 0.05, 1.10, 0.04, 0.17, 0.24, 0.11, 3.55, 11.30, 7.54, -0.11, 0.96, 0.40, -0.01, -0.09, 0.12, -1.17, 13.00, 4.73, 0.04, 1.07, 0.75, 0.46, -0.23, 0.58, 9.81, 8.86, -4.50, 0.40, 0.96, -0.19, 0.20, -0.04, 0.35
2.79, 5.91, 5.83, 0.01, 1.00, 0.84, 0.33, -0.21, 0.16, 26.18, 0.67, 2.28, -0.03, 0.96, 0.34, 0.50, -0.50, 0.27, -2.55, -8.47, 11.24, 0.11, 0.96, 0.07, 0.16, 0.24, 0.10, 9.94, -8.87, -0.42, -0.08, 0.91, 0.45, -0.01, -0.09, 0.12, -2.66, 3.47, -0.13, 0.13, 1.06, 0.74, 0.46, -0.23, 0.58, 9.32, -2.57, 4.19, 0.29, 0.85, -0.06, 0.20, -0.05, 0.34
-3.54, -12.79, 4.61, 0.03, 0.97, 0.80, 0.32, -0.21, 0.16, 7.45, 2.80, 8.30, -0.11, 0.91, 0.41, 0.50, -0.49, 0.27, -12.06, 31.83, -8.05, 0.09, 1.05, -0.06, 0.16, 0.24, 0.11, 2.98, -11.64, 6.22, -0.11, 0.83, 0.57, -0.01, -0.09, 0.12, -0.87, 8.60, 10.30, 0.04, 1.03, 0.78, 0.45, -0.22, 0.58, -13.65, -1.02, 8.03, 0.36, 0.93, -0.13, 0.20, -0.05, 0.34
2.13, -5.05, 6.15, 0.02, 0.99, 0.80, 0.32, -0.22, 0.16, -1.76, 11.33, 5.80, -0.08, 1.00, 0.29, 0.50, -0.49, 0.27, -11.90, 10.86, -4.38, 0.21, 1.07, -0.01, 0.16, 0.24, 0.11, 2.93, 2.88, 4.79, -0.17, 0.93, 0.42, -0.01, -0.09, 0.12, -3.22, 0.95, 2.12, 0.01, 1.04, 0.75, 0.45, -0.22, 0.58, -4.61, -9.76, 3.92, 0.43, 0.99, -0.19, 0.20, -0.05, 0.34
-6.19, 1.08, 4.81, 0.09, 0.95, 0.79, 0.32, -0.22, 0.16, 8.92, -1.93, -9.71, -0.03, 0.88, 0.39, 0.49, -0.49, 0.28, -8.16, -42.23, 15.59, -0.03, 0.94, 0.05, 0.16, 0.24, 0.11, 2.27, -6.94, -1.01, -0.14, 0.87, 0.43, -0.01, -0.09, 0.11, -6.52, 1.57, 5.72, -0.04, 0.98, 0.78, 0.45, -0.22, 0.57, 5.97, -1.44, 3.58, 0.30, 0.84, -0.13, 0.20, -0.05, 0.35
-16.70, -3.82, 3.69, -0.02, 0.91, 0.84, 0.32, -0.22, 0.15, 10.09, -2.11, -5.95, -0.09, 0.91, 0.31, 0.50, -0.49, 0.27, -9.76, -8.84, -4.52, 0.03, 0.96, 0.00, 0.16, 0.24, 0.10, 0.94, -6.71, -1.99, -0.18, 0.87, 0.42, -0.01, -0.09, 0.11, -13.94, 3.28, 1.95, -0.05, 1.04, 0.62, 0.45, -0.22, 0.58, -12.82, -0.55, 2.05, 0.32, 0.91, -0.18, 0.19, -0.05, 0.35
-9.20, 1.42, 0.49, 0.04, 1.02, 0.66, 0.31, -0.21, 0.16, 3.78, 11.52, -0.78, -0.01, 0.98, 0.23, 0.51, -0.49, 0.27, -4.77, 21.23, 8.14, 0.14, 0.94, 0.03, 0.17, 0.24, 0.10, 7.67, 11.04, 4.58, -0.06, 0.89, 0.41, -0.01, -0.09, 0.12, 1.14, 4.83, 1.02, 0.02, 1.05, 0.62, 0.46, -0.22, 0.58, 10.83, -4.12, 0.75, 0.32, 0.95, -0.21, 0.19, -0.05, 0.34
5.65, 5.39, 9.51, 0.04, 0.95, 0.79, 0.32, -0.22, 0.16, -4.36, 15.31, 7.66, -0.03, 0.89, 0.34, 0.50, -0.49, 0.27, -43.87, -6.74, 52.37, 0.31, 0.98, -0.07, 0.16, 0.23, 0.11, 1.98, 7.96, 13.73, -0.19, 0.81, 0.57, -0.02, -0.09, 0.12, -5.11, 4.42, 5.07, 0.06, 0.98, 0.80, 0.46, -0.22, 0.58, 16.73, -1.64, 12.31, 0.43, 0.80, -0.07, 0.19, -0.05, 0.33
11.51, 16.65, 10.80, 0.16, 0.91, 0.87, 0.31, -0.22, 0.15, -0.99, -0.80, -1.62, -0.00, 0.92, 0.33, 0.50, -0.49, 0.28, -89.54, -67.36, 127.24, 0.71, 1.13, -0.11, 0.14, 0.22, 0.11, 14.58, 8.83, 16.96, -0.16, 0.86, 0.52, -0.02, -0.09, 0.11, -4.20, -1.14, 12.10, 0.07, 1.00, 0.81, 0.45, -0.22, 0.58, -17.89, -28.05, 18.89, 0.26, 0.93, -0.06, 0.20, -0.05, 0.34
-3.69, -1.40, 13.42, 0.02, 0.97, 0.95, 0.31, -0.21, 0.15, -4.48, 5.32, 0.87, -0.08, 0.92, 0.31, 0.50, -0.49, 0.29, 62.21, -232.52, 244.96, 0.57, 1.05, -0.66, 0.12, 0.19, 0.10, -6.02, -16.97, 10.23, -0.14, 0.89, 0.45, -0.03, -0.09, 0.11, -7.40, -12.98, 7.27, -0.05, 0.98, 0.86, 0.45, -0.22, 0.58, 7.90, -29.65, 44.86, 0.41, 0.91, -0.13, 0.20, -0.05, 0.34
-13.74, -26.45, 0.89, -0.05, 0.99, 0.75, 0.31, -0.21, 0.15, -18.06, -36.88, -16.40, -0.01, 0.96, 0.02, 0.50, -0.48, 0.29, 130.45, -97.71, 244.96, -1.60, 0.48, 0.20, 0.04, 0.13, 0.04, -8.16, -36.43, 3.57, -0.24, 1.01, 0.03, -0.02, -0.09, 0.11, 6.59, -18.09, 8.58, -0.10, 1.03, 0.61, 0.45, -0.22, 0.58, -22.28, -69.83, 8.31, 0.14, 1.04, -0.13, 0.20, -0.05, 0.34
7.59, -9.14, 14.58, -0.19, 0.95, 0.90, 0.31, -0.22, 0.15, 11.77, 16.64, 5.39, -0.21, 0.95, 0.38, 0.51, -0.49, 0.30, 69.90, 167.88, 121.86, 0.01, 1.20, -0.30, -0.03, 0.11, 0.01, 9.11, 5.70, 13.34, -0.22, 0.87, 0.54, -0.03, -0.09, 0.12, -1.29, 15.28, 7.23, 0.06, 1.06, 0.81, 0.45, -0.22, 0.58, 39.46, 5.02, 11.54, 0.28, 1.03, -0.19, 0.20, -0.06, 0.34
-2.71, 14.71, 12.69, 0.07, 0.90, 1.00, 0.31, -0.21, 0.14, 2.35, 5.71, -1.37, -0.05, 0.96, 0.32, 0.50, -0.48, 0.29, 127.03, -34.87, 59.37, -0.84, 0.80, -0.07, -0.07, 0.11, -0.03, 7.88, 18.13, 5.41, -0.21, 0.85, 0.44, -0.02, -0.09, 0.11, -4.99, -4.73, 10.92, -0.04, 1.02, 0.72, 0.44, -0.22, 0.57, -7.80, 9.67, 9.62, 0.32, 0.84, -0.00, 0.20, -0.05, 0.33
-4.58, 6.50, 7.94, -0.05, 0.99, 0.84, 0.30, -0.21, 0.15, 10.14, -9.67, 5.42, -0.06, 1.03, 0.06, 0.51, -0.49, 0.29, 179.31, -48.29, 22.43, -1.01, 0.86, -0.08, -0.08, 0.12, -0.08, 10.03, -27.75, 2.17, -0.23, 0.94, 0.30, -0.03, -0.09, 0.11, 2.98, -8.75, 2.42, -0.10, 1.05, 0.67, 0.44, -0.22, 0.58, -17.94, -11.39, 2.85, 0.29, 1.07, -0.14, 0.20, -0.05, 0.34
6.39, -10.12, 4.35, -0.14, 0.91, 0.91, 0.30, -0.22, 0.15, 17.38, -18.56, -3.64, -0.18, 1.01, 0.16, 0.51, -0.48, 0.29, 116.97, -59.31, -2.68, -0.90, 1.20, -0.25, -0.08, 0.17, -0.13, 6.59, -31.27, -8.76, -0.23, 0.86, 0.40, -0.03, -0.09, 0.10, 0.14, -3.22, -8.07, -0.05, 1.04, 0.66, 0.45, -0.22, 0.58, 15.68, -22.39, -5.55, 0.28, 0.90, -0.07, 0.20, -0.05, 0.34
7.03, -7.70, -2.21, -0.09, 0.88, 0.89, 0.31, -0.22, 0.15, 24.12, -22.42, -11.00, -0.10, 0.98, 0.20, 0.51, -0.48, 0.29, 225.49, -54.09, -94.96, -0.59, 0.65, 0.35, -0.09, 0.17, -0.16, 12.72, -1.67, -14.59, -0.27, 0.86, 0.46, -0.03, -0.09, 0.10, 4.25, -10.06, -12.17, -0.11, 1.04, 0.67, 0.45, -0.22, 0.58, -13.33, -21.52, -6.47, 0.16, 0.97, -0.10, 0.21, -0.05, 0.33
-1.51, -7.79, -6.05, -0.03, 1.02, 0.71, 0.31, -0.22, 0.15, 23.82, -4.35, 1.57, -0.10, 0.92, 0.36, 0.51, -0.49, 0.28, 131.32, -11.49, -59.86, -0.58, 0.69, 0.41, -0.08, 0.20, -0.21, 11.57, -15.66, -2.53, -0.14, 0.80, 0.54, -0.02, -0.09, 0.10, 4.39, -2.64, -6.66, 0.09, 0.94, 0.81, 0.46, -0.23, 0.57, 22.68, 11.55, -7.70, 0.34, 0.93, -0.06, 0.21, -0.05, 0.34
-3.77, -6.46, -1.60, -0.05, 0.93, 0.89, 0.31, -0.22, 0.14, 19.63, -2.13, -8.00, -0.10, 0.89, 0.44, 0.51, -0.49, 0.28, 105.67, -24.93, -58.68, -0.51, 0.74, 0.55, -0.06, 0.24, -0.24, 8.05, 4.58, -6.92, -0.22, 0.85, 0.50, -0.02, -0.09, 0.10, -3.47, -4.12, -6.72, 0.04, 0.99, 0.77, 0.46, -0.23, 0.57, -11.99, 1.99, -8.96, 0.42, 0.86, -0.04, 0.21, -0.05, 0.33
0.01, -12.69, -7.51, -0.03, 1.04, 0.73, 0.32, -0.22, 0.14, 35.07, -29.01, -6.64, -0.20, 0.93, 0.39, 0.52, -0.49, 0.27, 71.87, -23.13, -39.78, -0.44, 0.56, 0.66, -0.06, 0.27, -0.25, 15.29, 2.28, -10.74, -0.18, 0.84, 0.53, -0.01, -0.09, 0.09, 7.15, -0.19, -11.78, 0.01, 1.03, 0.70, 0.46, -0.23, 0.57, 2.85, -26.26, -10.91, 0.25, 1.04, -0.15, 0.22, -0.05, 0.32
11.40, -2.56, 0.82, 0.02, 0.93, 0.88, 0.32, -0.22, 0.14, 25.00, 2.16, -2.56, -0.07, 0.87, 0.41, 0.53, -0.49, 0.27, 21.16, -4.07, -12.26, -0.58, 0.70, 0.58, -0.06, 0.29, -0.26, 5.97, -18.03, -0.16, -0.17, 0.76, 0.59, -0.01, -0.10, 0.09, -0.65, 0.24, 0.28, 0.01, 0.94, 0.83, 0.46, -0.23, 0.56, 17.96, 5.88, -0.22, 0.32, 0.82, -0.04, 0.22, -0.06, 0.33
-3.83, -4.40, 1.59, -0.03, 0.93, 0.90, 0.32, -0.22, 0.14, 11.33, 5.45, -4.67, -0.11, 0.92, 0.37, 0.52, -0.49, 0.26, 13.81, 22.44, -17.47, -0.40, 0.78, 0.40, -0.06, 0.29, -0.27, 0.54, 16.64, -0.81, -0.16, 0.88, 0.45, -0.01, -0.10, 0.10, -8.02, -2.71, -1.14, -0.04, 1.03, 0.79, 0.47, -0.23, 0.56, -24.67, -0.08, -5.01, 0.33, 0.99, -0.07, 0.22, -0.06, 0.33
-8.93, -5.14, -2.62, -0.07, 0.96, 0.89, 0.31, -0.22, 0.14, 2.98, 3.93, -7.01, -0.09, 0.95, 0.31, 0.52, -0.49, 0.26, 1.30, 0.07, -4.61, -0.49, 0.61, 0.61, -0.06, 0.30, -0.26, -2.24, -8.15, -0.77, -0.10, 0.91, 0.43, -0.01, -0.09, 0.09, -2.11, 9.53, 1.67, -0.02, 1.06, 0.75, 0.46, -0.22, 0.55, 11.75, 5.47, -2.75, 0.32, 1.01, -0.11, 0.22, -0.05, 0.33
-4.04, -1.74, 8.82, 0.01, 0.89, 0.79, 0.31, -0.22, 0.14, 13.17, 6.06, 4.68, -0.07, 0.97, 0.24, 0.53, -0.49, 0.26, -12.82, 9.75, 5.83, -0.43, 0.74, 0.55, -0.05, 0.30, -0.26, 9.13, -4.87, 4.46, -0.19, 0.80, 0.54, -0.01, -0.09, 0.09, -1.43, 1.84, 2.47, -0.02, 0.95, 0.82, 0.46, -0.22, 0.56, 11.78, -7.66, -1.18, 0.32, 0.84, -0.04, 0.22, -0.06, 0.32
-5.36, -9.59, 2.00, -0.09, 0.91, 0.91, 0.31, -0.23, 0.13, 14.41, -4.10, -3.28, -0.12, 0.91, 0.35, 0.52, -0.49, 0.27, -3.21, 5.32, -4.44, -0.44, 0.71, 0.57, -0.05, 0.30, -0.27, 1.74, 4.13, -0.64, -0.22, 0.82, 0.52, -0.01, -0.10, 0.09, -8.64, 0.44, 0.63, -0.05, 1.01, 0.72, 0.46, -0.22, 0.56, -18.36, -0.15, 1.64, 0.35, 0.98, -0.11, 0.22, -0.05, 0.32
-2.73, -0.98, -0.94, -0.04, 0.97, 0.83, 0.32, -0.22, 0.13, 9.03, -0.96, -4.46, -0.06, 0.98, 0.25, 0.52, -0.49, 0.26, -0.90, -5.38, 4.76, -0.55, 0.74, 0.53, -0.05, 0.30, -0.27, 7.07, -17.17, 0.09, -0.25, 0.87, 0.46, -0.01, -0.09, 0.09, 2.18, 3.89, -0.80, -0.04, 1.00, 0.76, 0.46, -0.23, 0.57, 12.26, -2.00, -4.04, 0.28, 0.95, -0.10, 0.22, -0.05, 0.33
-0.55, 2.59, 2.36, -0.03, 0.92, 0.91, 0.31, -0.22, 0.14, 13.97, 5.34, -2.08, -0.08, 0.90, 0.37, 0.53, -0.49, 0.27, -7.55, -0.36, 7.46, -0.49, 0.74, 0.51, -0.05, 0.30, -0.26, 2.34, 7.47, 1.43, -0.17, 0.83, 0.51, -0.01, -0.10, 0.08, -4.87, 4.58, -1.40, -0.01, 1.00, 0.76, 0.47, -0.23, 0.56, -0.59, 2.92, -0.76, 0.34, 0.88, -0.04, 0.21, -0.05, 0.33
-5.02, -2.41, -0.01, -0.03, 0.93, 0.84, 0.32, -0.22, 0.14, 9.63, 2.17, -1.54, -0.12, 0.92, 0.34, 0.52, -0.49, 0.26, -5.32, 3.10, 2.65, -0.44, 0.76, 0.50, -0.06, 0.30, -0.26, 1.61, 3.30, -0.46, -0.16, 0.84, 0.50, -0.01, -0.10, 0.09, -6.05, 4.09, 0.21, -0.04, 1.03, 0.75, 0.46, -0.23, 0.57, -7.19, -1.20, -2.01, 0.31, 0.97, -0.10, 0.22, -0.06, 0.33
-3.24, 0.70, 0.75, -0.01, 1.00, 0.76, 0.32, -0.22, 0.14, 18.06, 2.95, -0.46, -0.07, 0.98, 0.24, 0.53, -0.49, 0.26, 2.03, -3.07, 4.04, -0.41, 0.70, 0.57, -0.06, 0.30, -0.26, 11.75, -14.33, -1.65, -0.17, 0.85, 0.50, -0.01, -0.10, 0.09, 1.82, 0.16, -3.87, -0.01, 1.00, 0.74, 0.47, -0.23, 0.56, 12.60, -5.54, -3.13, 0.32, 0.91, -0.06, 0.22, -0.06, 0.32
1.16, -2.29, 1.39, -0.05, 0.87, 0.97, 0.31, -0.22, 0.14, 9.62, 2.45, -3.08, -0.13, 0.86, 0.45, 0.52, -0.49, 0.25, -4.17, -2.75, 1.06, -0.52, 0.80, 0.47, -0.06, 0.30, -0.26, -3.99, 9.56, -0.70, -0.15, 0.79, 0.58, -0.01, -0.10, 0.08, -11.10, 4.66, 0.64, -0.01, 0.99, 0.84, 0.46, -0.23, 0.56, -9.53, 5.47, 1.53, 0.33, 0.89, -0.05, 0.22, -0.05, 0.32
-12.90, 1.67, 0.26, -0.05, 0.94, 0.90, 0.32, -0.23, 0.14, -1.21, 5.05, -5.09, -0.13, 0.93, 0.39, 0.53, -0.49, 0.26, -9.13, 13.17, -4.61, -0.49, 0.69, 0.53, -0.06, 0.31, -0.26, -7.23, -3.72, 0.35, -0.13, 0.92, 0.46, -0.01, -0.10, 0.09, -15.22, 9.18, 1.52, -0.05, 1.12, 0.67, 0.46, -0.22, 0.56, -14.12, -0.52, -3.93, 0.38, 1.06, -0.11, 0.22, -0.05, 0.33
-1.97, 1.32, 3.10, 0.00, 1.03, 0.75, 0.32, -0.23, 0.14, 17.85, 7.04, 0.43, -0.02, 1.04, 0.17, 0.52, -0.49, 0.25, -3.60, -5.38, 11.48, -0.45, 0.73, 0.56, -0.06, 0.30, -0.27, 17.12, -8.32, 0.28, -0.18, 0.89, 0.45, -0.01, -0.10, 0.09, 10.43, 4.59, -2.59, 0.00, 0.98, 0.78, 0.46, -0.23, 0.56, 29.38, -5.85, -4.88, 0.32, 0.91, -0.13, 0.22, -0.05, 0.33
2.39, -3.06, 0.93, -0.01, 0.91, 0.89, 0.32, -0.22, 0.13, 21.78, -2.88, -1.12, -0.14, 0.84, 0.47, 0.52, -0.49, 0.25, -2.66, -6.71, 0.25, -0.49, 0.72, 0.56, -0.06, 0.30, -0.27, 0.62, 8.80, 0.07, -0.14, 0.74, 0.69, -0.01, -0.10, 0.08, -8.79, 0.96, 2.11, -0.01, 1.00, 0.75, 0.46, -0.23, 0.56, -11.66, 1.26, 4.82, 0.32, 0.84, -0.00, 0.22, -0.06, 0.33
-7.61, -0.46, 3.85, -0.04, 0.96, 0.85, 0.31, -0.22, 0.14, 2.69, 5.47, 0.41, -0.10, 0.98, 0.31, 0.52, -0.49, 0.25, -4.61, 7.93, -2.39, -0.48, 0.71, 0.55, -0.06, 0.30, -0.26, 9.08, -5.65, 4.11, -0.18, 0.88, 0.49, -0.01, -0.10, 0.08, -7.20, 7.36, 3.10, -0.05, 1.08, 0.67, 0.47, -0.23, 0.56, -4.48, -2.10, -0.22, 0.35, 1.08, -0.15, 0.22, -0.05, 0.33
-1.05, 4.02, 4.52, -0.01, 1.02, 0.76, 0.32, -0.22, 0.13, 20.13, 6.91, 3.57, -0.08, 0.98, 0.26, 0.52, -0.49, 0.25, -5.81, -1.20, 10.69, -0.41, 0.73, 0.57, -0.06, 0.30, -0.27, 11.47, -5.53, 1.05, -0.14, 0.83, 0.53, -0.02, -0.10, 0.08, 1.05, 2.39, -0.60, 0.02, 0.99, 0.81, 0.46, -0.24, 0.56, 24.87, 1.74, -0.12, 0.35, 0.84, -0.04, 0.22, -0.05, 0.33
-2.29, -3.76, 3.54, -0.01, 0.89, 0.93, 0.32, -0.22, 0.14, 10.50, 1.26, 0.17, -0.11, 0.86, 0.44, 0.52, -0.49, 0.25, -7.09, -0.42, -2.67, -0.58, 0.73, 0.54, -0.06, 0.30, -0.26, -2.36, 9.77, 3.72, -0.18, 0.81, 0.54, -0.02, -0.10, 0.08, -10.53, 1.19, 5.17, -0.03, 1.00, 0.76, 0.46, -0.23, 0.56, -20.64, -0.55, 5.09, 0.35, 0.93, -0.07, 0.22, -0.05, 0.32
-10.05, -3.62, 2.95, -0.06, 0.96, 0.84, 0.31, -0.22, 0.14, 6.48, 4.12, -0.28, -0.12, 0.96, 0.30, 0.52, -0.50, 0.25, -5.59, 5.35, 0.75, -0.41, 0.71, 0.53, -0.06, 0.30, -0.26, 2.14, -17.29, 2.32, -0.21, 0.88, 0.47, -0.02, -0.10, 0.09, -4.59, 10.12, 2.42, -0.04, 1.04, 0.71, 0.46, -0.23, 0.56, 4.29, -0.61, -3.18, 0.33, 0.99, -0.15, 0.22, -0.06, 0.33
-1.26, 5.69, 4.41, -0.03, 0.95, 0.82, 0.32, -0.22, 0.14, 14.04, 8.32, 0.46, -0.07, 0.94, 0.29, 0.52, -0.50, 0.25, -8.28, -0.34, 7.40, -0.46, 0.70, 0.57, -0.07, 0.30, -0.26, 5.94, 4.99, 2.70, -0.16, 0.84, 0.49, -0.01, -0.10, 0.09, -1.05, 5.32, 1.17, 0.02, 0.97, 0.82, 0.46, -0.22, 0.56, 9.73, 3.91, 1.38, 0.35, 0.88, -0.07, 0.22, -0.06, 0.32
-4.84, -8.52, 2.62, -0.05, 0.90, 0.93, 0.32, -0.22, 0.14, 12.37, -0.49, -1.12, -0.11, 0.89, 0.42, 0.52, -0.50, 0.25, -9.99, 2.02, -1.46, -0.53, 0.75, 0.50, -0.06, 0.29, -0.27, -1.20, 7.50, 2.59, -0.20, 0.82, 0.56, -0.01, -0.10, 0.08, -8.75, 0.84, 3.21, -0.04, 0.98, 0.84, 0.45, -0.22, 0.56, -12.58, -0.99, 2.93, 0.31, 0.94, -0.07, 0.22, -0.05, 0.33
-11.25, -2.07, 1.29, -0.06, 0.99, 0.81, 0.32, -0.22, 0.14, 21.13, 2.61, -0.69, -0.13, 0.94, 0.29, 0.53, -0.50, 0.25, -7.25, 8.85, 1.47, -0.46, 0.68, 0.57, -0.06, 0.30, -0.27, 6.06, -17.53, 1.82, -0.20, 0.92, 0.43, -0.02, -0.10, 0.08, -2.75, 9.05, -0.48, -0.05, 1.04, 0.72, 0.46, -0.23, 0.56, 0.96, -2.92, -5.47, 0.36, 1.03, -0.12, 0.22, -0.05, 0.33
2.80, -3.56, -1.59, -0.04, 0.93, 0.90, 0.31, -0.21, 0.14, 21.06, -1.32, -4.39, -0.05, 0.95, 0.28, 0.52, -0.50, 0.25, -5.22, -7.89, 8.00, -0.48, 0.72, 0.55, -0.06, 0.29, -0.26, 7.55, 0.46, -4.46, -0.17, 0.82, 0.52, -0.01, -0.10, 0.08, -1.85, 3.07, -1.52, 0.03, 1.03, 0.77, 0.46, -0.23, 0.56, 8.34, 0.34, 0.04, 0.30, 0.86, -0.07, 0.22, -0.06, 0.33
-4.44, 2.18, 3.87, -0.07, 0.90, 0.90, 0.32, -0.22, 0.13, 21.82, -6.48, -2.94, -0.08, 0.89, 0.38, 0.52, -0.50, 0.25, -9.82, 3.82, 3.01, -0.48, 0.77, 0.48, -0.07, 0.29, -0.26, -1.73, -9.89, 0.03, -0.19, 0.79, 0.59, -0.01, -0.10, 0.08, -7.33, 5.89, 2.81, -0.02, 0.99, 0.79, 0.46, -0.23, 0.55, -5.68, -0.61, 1.53, 0.31, 0.93, -0.03, 0.22, -0.06, 0.33
-10.00, 4.32, 3.17, -0.02, 0.95, 0.85, 0.31, -0.22, 0.13, 7.98, 0.65, -0.51, -0.11, 0.94, 0.35, 0.52, -0.50, 0.25, -5.88, 3.96, 3.33, -0.53, 0.70, 0.54, -0.07, 0.29, -0.26, 1.90, -18.22, 1.98, -0.20, 0.89, 0.47, -0.01, -0.10, 0.08, -7.17, 6.74, 2.15, -0.01, 1.03, 0.74, 0.46, -0.23, 0.56, -2.61, 0.74, -2.17, 0.38, 0.99, -0.09, 0.22, -0.06, 0.32
